110000000
110001010
011001001
110011100
011011001
110010001
011011010
011011000
000001011
110010000
010010001
111010011
111010011
111010001
111010111
110011000
010011010
110010000
010010001
111010101
111010011
111010011
111010001
111010110
010011010
110010000
010010001
111010110
111010011
111010011
111010001
111010101
010011010
110010000
010010001
111010111
111010011
111010011
111010001
010011010
110010011
001011010
110010000
010010001
111010011
111010111
111010111
111010101
110011000
010011010
110010000
010010001
111010010
111010111
111010111
111010101
111010001
010011010
110010000
010010001
111010001
111010111
111010111
111010101
111010010
010011010
110010011
110100001
011010100
001011010
110001010
011001001
110011100
011011001
011011000
000001011
110010000
010010001
111010111
111010111
111010101
111010011
111010011
111010001
110100000
010100010
110010011
000011010
110010000
010010001
111010011
111010111
111010111
111010101
111010001
010011010
110010000
010010001
111010010
111010111
111010111
111010101
111010010
010011010
110010000
010010001
111010001
111010111
111010111
111010101
111010011
010011010
110010000
010010001
111010111
111010011
111010011
111010001
111010101
010100010
110010000
010010001
111010110
111010011
111010011
111010001
111010111
111010111
111010101
010011010
110010011
001011010
110010000
010010001
111010101
111010011
111010011
111010001
111010110
010100010
110010000
010010001
111010011
111010011
111010001
111010111
010100010
110011011
110010001
011011010
011011010
001100011
110010011
110011001
011010011
011010011
110101000
000101010
110010011
110100001
011010100
000001010
110010000
010010001
111010110
110011000
010011001
111011011
111011011
111011111
111011111
111011101
010011010
110010000
010010001
111010011
111010011
111010001
111010111
111010111
111010101
010011010
110001011
000001001
110010000
010010001
111010111
111010111
111010101
010011010
110010000
010010001
111010001
111010111
111010111
111010101
010011010
110010000
010010001
111010010
111010111
111010111
111010101
010011010
110010000
010010001
111010011
111010111
111010111
111010101
010011010
111011011
010101011
110010011
110011001
011010011
000001010
110010000
010010001
111010110
110011000
010011001
111011011
111011011
111011111
111011111
111011101
010011010
110010000
010010001
111010011
111010011
111010001
111010111
111010111
111010101
010011010
110001011
000001001
110010000
010010001
111010111
111010111
111010101
010011010
110010000
010010001
111010011
111010001
111010111
111010111
111010101
010011010
110010000
010010001
111010011
111010010
111010111
111010111
111010101
010011010
110010000
010010001
111010011
111010011
111010111
111010111
111010101
010011010
111011010
010101011
110001011
110010001
011001010
000001001
110010000
010010001
111010110
110011000
010011001
111011011
111011011
111011111
111011111
111011101
010011010
110001011
000001001
110010000
010010001
111010001
111010111
111010111
111010101
010011010
110010000
010010001
111010010
111010111
111010111
111010101
010011010
110010000
010010001
111010011
111010001
111010111
111010111
111010101
010011010
110010000
010010001
111010011
111010010
111010111
111010111
111010101
010011010
110010000
010010001
111010011
111010011
111010001
111010111
111010111
111010101
010011010
111011001
010101011
110001011
110010001
011001010
000001001
110010000
010010001
111010110
110011000
010011001
111011011
111011011
111011001
111011111
111011111
111011101
010011010
110001011
000001001
110010000
010010001
111010001
111010111
111010111
111010101
010011010
110010000
010010001
111010011
111010111
111010111
111010101
010011010
110010000
010010001
111010011
111010001
111010111
111010111
111010101
010011010
110010000
010010001
111010011
111010011
111010111
111010111
111010101
010011010
110010000
010010001
111010011
111010011
111010001
111010111
111010111
111010101
010011010
010101011
110010011
110011001
011010011
011010011
001101010
110001000
010001101
110010000
010010001
111010011
111010111
111010111
111010101
110011000
010011010
110010000
010010001
111010011
111010011
111010001
111010111
111010111
111010101
010011010
110010000
010010001
111010101
111010011
111010011
111010001
111010111
111010111
010011010
110010000
010010001
111010010
111010111
111010111
111010101
111010011
111010111
010011010
110010000
010010001
111010110
111010011
111010011
111010001
111010111
111010110
010011010
110010000
010010001
111010001
111010111
111010111
111010101
111010010
010011010
110010000
010010001
111010111
111010111
111010101
111010011
010011010
110010000
010010001
111010111
111010011
111010011
111010001
111010111
111010101
010011010
110010011
110100001
011100100
011100010
001011100
110100000
010100011
110101000
110001010
110010010
011010001
110001100
011010001
000001010
110010001
010100010
101000010
110011000
010011001
111011011
111011011
111011001
111011111
111011111
111011101
110110001
010011110
010101011
110110001
101000011
110011000
010011001
111011011
111011011
111011001
111011111
111011111
111011101
010101011
110110001
011010110
010100010
101000100
110011000
010011001
111011011
111011011
111011111
111011111
111011101
110110001
010011110
111011001
010101011
110110001
101000101
110011000
010011001
111011011
111011011
111011111
111011111
111011101
111011001
010101011
110110001
011010110
010100010
101000110
110011000
010011001
111011011
111011010
111011111
111011111
111011101
110110001
010011110
111011010
010101011
110110001
101000111
110011000
010011001
111011011
111011010
111011111
111011111
111011101
111011010
010101011
110110001
011010110
010100010
101001000
110011000
010011001
111011011
111011001
111011111
111011111
111011101
110110001
010011110
111011011
010101011
110110001
101001001
110011000
010011001
111011011
111011001
111011111
111011111
111011101
111011011
010101011
110110001
011010110
010100010
101001010
110011000
010011001
111011011
111011111
111011111
111011101
110110001
010011110
111011011
111011001
010101011
110110001
101001011
110011000
010011001
111011011
111011111
111011111
111011101
111011011
111011001
010101011
110110001
011010110
010100010
101001100
110011000
010011001
111011010
111011111
111011111
111011101
110110001
010011110
111011011
111011010
010101011
110110001
101001101
110011000
010011001
111011010
111011111
111011111
111011101
111011011
111011010
010101011
110110001
011010110
010100010
101001110
110011000
010011001
111011001
111011111
111011111
111011101
110110001
010011110
111011011
111011011
010101011
110110001
101001111
110011000
010011001
111011001
111011111
111011111
111011101
111011011
111011011
010101011
110110001
011010110
010100010
101010000
110011000
010011001
111011111
111011111
111011101
110110001
010011110
111011011
111011011
111011001
010101011
110110001
101010001
110011000
010011001
111011111
111011111
111011101
111011011
111011011
111011001
010101011
110110001
011010110
110011010
011011011
001101011
110011010
011011011
110001100
011011001
110001001
011011001
000001011
010100010
101010010
110101000
110011000
010011001
111011011
111011011
111011001
111011111
111011111
111011101
110110001
010011110
010101011
110110001
101010011
110011000
010011001
111011011
111011011
111011001
111011111
111011111
111011101
010101011
110110001
011010110
010100010
101010100
110011000
010011001
111011011
111011011
111011111
111011111
111011101
110110001
010011110
111011001
010101011
110110001
101010101
110011000
010011001
111011011
111011011
111011111
111011111
111011101
111011001
010101011
110110001
011010110
010100010
101010110
110011000
010011001
111011011
111011010
111011111
111011111
111011101
110110001
010011110
111011010
010101011
110110001
101010111
110011000
010011001
111011011
111011010
111011111
111011111
111011101
111011010
010101011
110110001
011010110
010100010
101011000
110011000
010011001
111011011
111011001
111011111
111011111
111011101
110110001
010011110
111011011
010101011
110110001
101011001
110011000
010011001
111011011
111011001
111011111
111011111
111011101
111011011
010101011
110110001
011010110
010100010
101011010
110011000
010011001
111011011
111011111
111011111
111011101
110110001
010011110
111011011
111011001
010101011
110110001
101011011
110011000
010011001
111011011
111011111
111011111
111011101
111011011
111011001
010101011
110110001
011010110
010100010
101011100
110011000
010011001
111011010
111011111
111011111
111011101
110110001
010011110
111011011
111011010
010101011
110110001
101011101
110011000
010011001
111011010
111011111
111011111
111011101
111011011
111011010
010101011
110110001
011010110
010100010
101011110
110011000
010011001
111011001
111011111
111011111
111011101
110110001
010011110
111011011
111011011
010101011
110110001
101011111
110011000
010011001
111011001
111011111
111011111
111011101
111011011
111011011
010101011
110110001
011010110
110011010
110110010
011011110
110010001
011011010
001101011
010001101
110010000
010010001
111010011
111010011
111010001
111010111
110011000
010011010
110010000
010010001
111010101
111010011
111010011
111010001
111010110
010011010
110010000
010010001
111010110
111010011
111010011
111010001
111010101
010011010
110010000
010010001
111010111
111010011
111010011
111010001
010011010
110010010
110100111
011010100
011010100
110100001
011010100
011010000
001011010
110010000
010010001
111010011
111010111
111010111
111010101
110011000
010011010
110010000
010010001
111010010
111010111
111010111
111010101
111010001
010011010
110010000
010010001
111010001
111010111
111010111
111010101
111010010
010011010
110010010
110100111
011010100
011010100
011010000
001011010
110001010
110010010
011010001
000001010
110010010
110100111
011010100
011010100
011010000
000011010
110010000
010010001
111010011
111010111
111010111
111010101
111010001
010011010
110010000
010010001
111010010
111010111
111010111
111010101
111010010
010011010
110010000
010010001
111010011
111010111
111010111
111010101
111010011
010011010
110010000
010010001
111010110
111010011
111010011
111010001
111010111
111010111
111010101
010011010
110010010
110100111
011010100
011010100
011010000
001011010
110110001
011110110
011000110
110101010
010101000
101000001
