110000110
110001111
011000001
001000000
111000111
111000101
110001000
110010000
110011000
110100000
110101110
011101011
000101101
110110000
011110101
111110011
111110001
010110000
101100000
110111001
011001111
011100111
110110000
011110101
111110101
111110011
111110001
010110000
101100001
110111001
011001111
011100111
110110000
011110101
111110110
111110011
111110001
010110000
101100010
110111001
011001111
011100111
110110000
011110101
111110111
111110011
111110001
010110000
101100011
110111001
011001111
011100111
110110000
011110101
111110111
111110101
111110011
111110001
010110000
101100100
110111001
011001111
011100111
110111000
011100111
100101010
110111001
011010111
110100111
110101001
011011101
110101000
011101011
010101100
101100101
110100110
011100011
011100011
001001100
110011000
011100011
001010100
110010000
110011110
011011010
110100001
011100011
000011011
000100100
110101000
011101011
111101111
111101111
111101101
110110000
011110100
111110011
111110010
111110111
111110101
011110101
010110000
101100110
110101001
011001101
110101000
011101011
111101111
111101111
110110000
011110100
111110011
111110011
111110111
111110101
011110101
010110000
101100111
110101001
011001101
110101000
011101011
111101111
111101110
110110000
011110100
111110011
111110011
111110001
111110111
111110101
011110101
010110000
101101000
110101001
011001101
110011111
110100001
011010100
011100010
010100011
101101001
110100110
011100011
011100011
110011001
011100011
011100011
001001100
