110000000
110001001
011001000
000001001
110010000
010010001
111010110
110011000
010011001
111011011
111011011
111011111
111011111
111011101
010011010
110010000
010010001
111010011
111010011
111010001
111010111
111010111
111010101
010011010
110001000
011001000
000001001
110010000
010010001
111010111
111010111
111010101
010011010
110010000
010010001
111010001
111010111
111010111
111010101
010011010
110010000
010010001
111010010
111010111
111010111
111010101
010011010
110010000
010010001
111010011
111010111
111010111
111010101
010011010
110111010
011111111
001011111
110001001
011001000
000001001
110010000
010010001
111010110
110011000
010011001
111011011
111011011
111011111
111011111
111011101
010011010
110010000
010010001
111010011
111010011
111010001
111010111
111010111
111010101
010011010
110001000
011001000
000001001
110010000
010010001
111010111
111010111
111010101
010011010
110010000
010010001
111010011
111010001
111010111
111010111
111010101
010011010
110010000
010010001
111010011
111010010
111010111
111010111
111010101
010011010
110010000
010010001
111010011
111010011
111010111
111010111
111010101
010011010
110110001
011111110
001011111
110001001
011001000
000001001
110010000
010010001
111010110
110011000
010011001
111011011
111011011
111011111
111011111
111011101
010011010
110001000
011001000
000001001
110010000
010010001
111010001
111010111
111010111
111010101
010011010
110010000
010010001
111010010
111010111
111010111
111010101
010011010
110010000
010010001
111010011
111010001
111010111
111010111
111010101
010011010
110010000
010010001
111010011
111010010
111010111
111010111
111010101
010011010
110010000
010010001
111010011
111010011
111010001
111010111
111010111
111010101
010011010
011111110
001011111
110001001
011001000
000001001
110010000
010010001
111010110
110011000
010011001
111011011
111011011
111011001
111011111
111011111
111011101
010011010
110001000
011001000
000001001
110010000
010010001
111010001
111010111
111010111
111010101
010011010
110010000
010010001
111010011
111010111
111010111
111010101
010011010
110010000
010010001
111010011
111010001
111010111
111010111
111010101
010011010
110010000
010010001
111010011
111010011
111010111
111010111
111010101
010011010
110010000
010010001
111010011
111010011
111010001
111010111
111010111
111010101
010011010
011111110
001011111
110001001
011001000
000001001
110011000
010011001
111011011
111011001
110001000
011001000
000001001
110010000
010010001
111010111
111010111
111010101
111010011
011011010
110010000
010010001
111010001
111010111
111010111
111010101
111010010
011011010
110010000
010010001
111010010
111010111
111010111
111010101
111010001
011011010
110010000
010010001
111010011
111010111
111010111
111010101
011011010
110111010
011111000
110100001
011111100
001011111
110111010
011111111
000011111
111011011
111011011
111011001
110001000
011001000
000001001
110010000
010010001
111010011
111010001
111010111
111010111
111010101
111010011
111010011
011011010
110010000
010010001
111010011
111010010
111010111
111010111
111010101
111010011
111010010
011011010
110010000
010010001
111010011
111010011
111010111
111010111
111010101
111010011
111010001
011011010
110110001
011111110
000010111
111010011
011011010
110001000
011001000
000001001
110010000
010010001
111010011
111010011
111010001
111010111
111010110
011011010
011111110
000010111
111010001
011011010
011111110
000010111
011011010
110111010
011111000
001011111
011000110
011000110
110101010
010101000
101000000
110000000
110000111
011000000
000001000
110010001
011010000
000010010
110011000
011011001
111011111
111011111
111011101
110100000
011100010
111100011
111100011
111100001
111100111
111100111
111100101
010011100
110100000
011100010
111100011
111100011
111100111
111100111
111100101
010011100
110100000
011100010
111100011
111100010
111100111
111100111
111100101
010011100
110100000
011100010
111100011
111100001
111100111
111100111
111100101
010011100
110100000
011100010
111100011
111100111
111100111
111100101
010011100
110100000
011100010
111100010
111100111
111100111
111100101
010011100
110100000
011100010
111100001
111100111
111100111
111100101
010011100
110111000
011111011
111111011
110011000
011011001
111011011
111011001
111011111
111011111
111011101
110100000
011100001
111100011
111100111
111100111
111100101
010011100
110100000
011100001
111100010
111100111
111100111
111100101
010011100
110100000
011100001
111100001
111100111
111100111
111100101
010011100
110100000
011100010
111100011
111100001
111100111
111100111
111100101
010011100
110100000
011100010
111100011
111100111
111100111
111100101
010011100
110100000
011100010
111100010
111100111
111100111
111100101
010011100
110100000
011100010
111100001
111100111
111100111
111100101
010011100
111011010
011111011
110011000
011011001
111011011
111011011
111011111
111011111
111011101
110100000
011100001
111100011
111100010
111100111
111100111
111100101
010011100
110100000
011100001
111100010
111100111
111100111
111100101
010011100
110100000
011100001
111100001
111100111
111100111
111100101
010011100
110100000
011100010
111100011
111100011
111100111
111100111
111100101
010011100
110100000
011100010
111100011
111100010
111100111
111100111
111100101
010011100
110100000
011100010
111100010
111100111
111100111
111100101
010011100
110100000
011100010
111100001
111100111
111100111
111100101
010011100
111011001
011111011
110011000
011011001
111011011
111011011
111011001
111011111
111011111
111011101
110100000
011100001
111100011
111100010
111100111
111100111
111100101
010011100
110100000
011100001
111100011
111100111
111100111
111100101
010011100
110100000
011100001
111100001
111100111
111100111
111100101
010011100
110100000
011100010
111100011
111100011
111100001
111100111
111100111
111100101
010011100
110100000
011100010
111100011
111100010
111100111
111100111
111100101
010011100
110100000
011100010
111100011
111100111
111100111
111100101
010011100
110100000
011100010
111100001
111100111
111100111
111100101
010011100
011111011
110011000
110100001
110101000
011101111
111101111
100101111
110101001
110110100
011110110
010110111
100110000
110110001
010101110
110110001
010101110
100110001
110011100
011011011
110101000
110110001
011110101
011110011
010110111
100110010
111100001
110110001
011101110
101101100
110101100
011101101
010011101
100110011
010001100
110011001
101101101
010010100
110011000
011011001
111011011
111011010
111011111
111011111
111011101
110100000
011100001
111100001
111100111
111100110
111100001
011011100
110100000
011100010
111100011
111100001
111100100
111100100
011011100
110100010
011100000
001011100
110011000
011011010
111011001
111011111
111011110
110101001
011100101
001011100
011000101
110110111
011110110
110111010
011111110
110110001
011000110
110110000
011110000
010110111
101101110
110000000
110000110
110001111
011000001
000000000
110001000
110010000
110011000
110100000
110101110
011101011
000101101
110110000
011110101
111110111
111110101
010110000
101100000
110111001
011001111
011100111
110110000
011110101
111110001
111110111
111110101
010110000
101100001
110111001
011001111
011100111
110110000
011110101
111110010
111110111
111110101
010110000
101100010
110111001
011001111
011100111
110110000
011110101
111110011
111110111
111110101
010110000
101100011
110111001
011001111
011100111
110110000
011110101
111110011
111110001
111110111
111110101
010110000
101100100
110111001
011001111
011100111
110111000
011100111
100101010
110111001
011010111
110100111
110101001
011011101
110101000
011101011
010101100
101100101
110100110
011100011
011100011
001001100
110011001
011100011
001010100
110010000
110011110
011011010
110100001
011100011
000011011
000100100
110101000
011101011
111101111
111101111
111101101
110110000
011110100
111110011
111110010
111110111
111110101
011110101
010110000
101100110
110101001
011001101
110101000
011101011
111101111
111101111
110110000
011110100
111110011
111110011
111110111
111110101
011110101
010110000
101100111
110101001
011001101
110101000
011101011
111101111
111101110
110110000
011110100
111110011
111110011
111110001
111110111
111110101
011110101
010110000
101101000
110101001
011001101
110011111
110100001
011010100
011100010
010100011
101101001
110100110
011100011
011100011
110011001
011100011
011100011
001001100
110000000